ACCOUNT_ID = 0.0.49289918
PRIVATE_KEY = 043390516e4651aae777b872313df1d7b1ef7b0278dcaa4306a2afe3b86b91c6
PUBLIC_KEY = 041a166498bc1fb2e04d97b6203723120f26eaf88f8ccfefafea0b1e1e40c398
ACCOUNTS_FILE = accounts.json

# Task 2 Token ID

TOKEN_ID = 0.0.49354708

# Task 3 Contract ID

CONTRACT_ID = 0.0.49354720
